Grupos quinquenales de edad,Total,TotalH,TotalM,Urban,UrbanH,UrbanM,Rural,RuralH,RuralM,Ignorado,IgnoradoH,IgnoradoM,Victima o Agresor,Anio
Total,31497,2985,28512,16539,1674,14865,11816,1047,10769,3142,264,2878,V,09
 0  a  4,29,18,11,12,7,5,13,7,6,4,4,0,V,09
 5  a  9,43,19,24,26,12,14,13,5,8,4,2,2,V,09
10 a 14,221,27,194,109,8,101,99,17,82,13,2,11,V,09
15 a 19,2748,119,2629,1318,56,1262,1203,57,1146,227,6,221,V,09
20 a 24,5955,368,5587,3163,213,2950,2228,131,2097,564,24,540,V,09
25 a 29,6190,478,5712,3380,296,3084,2186,141,2045,624,41,583,V,09
30 a 34,5154,438,4716,2773,270,2503,1863,131,1732,518,37,481,V,09
35 a 39,3816,335,3481,2022,200,1822,1413,110,1303,381,25,356,V,09
40 a 44,2472,258,2214,1335,158,1177,881,78,803,256,22,234,V,09
45 a 49,1682,203,1479,818,109,709,684,73,611,180,21,159,V,09
50 a 54,1039,172,867,533,92,441,404,63,341,102,17,85,V,09
55 a 59,621,135,486,309,65,244,251,57,194,61,13,48,V,09
60 a 64,421,99,322,211,51,160,177,43,134,33,5,28,V,09
65 y más,757,284,473,373,127,246,303,124,179,81,33,48,V,09
Ignorado,349,32,317,157,10,147,98,10,88,94,12,82,V,09
Total,31497,27996,3501,16539,14513,2026,11816,10644,1172,3142,2839,303,A,09
10 a 14,43,10,33,25,5,20,15,3,12,3,2,1,A,09
15 a 19,992,767,225,491,366,125,419,331,88,82,70,12,A,09
20 a 24,4385,3805,580,2287,1952,335,1708,1503,205,390,350,40,A,09
25 a 29,6017,5380,637,3284,2896,388,2148,1956,192,585,528,57,A,09
30 a 34,5358,4841,517,2959,2639,320,1868,1720,148,531,482,49,A,09
35 a 39,4435,4055,380,2324,2106,218,1674,1543,131,437,406,31,A,09
40 a 44,3069,2767,302,1615,1431,184,1159,1068,91,295,268,27,A,09
45 a 49,2154,1916,238,1112,981,131,841,754,87,201,181,20,A,09
50 a 54,1315,1144,171,668,569,99,521,465,56,126,110,16,A,09
55 a 59,737,649,88,359,314,45,316,277,39,62,58,4,A,09
60 a 64,452,383,69,219,186,33,194,165,29,39,32,7,A,09
65 y más,375,316,59,191,161,30,151,125,26,33,30,3,A,09
Ignorado,2165,1963,202,1005,907,98,802,734,68,358,322,36,A,09
Total,32017,2858,29159,16427,1502,14925,12553,1112,11441,3037,244,2793,V,10
 0  a  4,36,19,17,18,12,6,17,7,10,1,0,1,V,10
 5  a  9,54,27,27,23,10,13,26,15,11,5,2,3,V,10
10 a 14,224,40,184,96,22,74,107,16,91,21,2,19,V,10
15 a 19,2979,145,2834,1367,78,1289,1356,58,1298,256,9,247,V,10
20 a 24,5974,335,5639,3074,170,2904,2367,134,2233,533,31,502,V,10
25 a 29,6187,393,5794,3246,227,3019,2345,134,2211,596,32,564,V,10
30 a 34,5441,400,5041,2887,214,2673,2066,151,1915,488,35,453,V,10
35 a 39,3826,348,3478,1991,192,1799,1460,119,1341,375,37,338,V,10
40 a 44,2508,222,2286,1288,115,1173,969,92,877,251,15,236,V,10
45 a 49,1663,217,1446,879,111,768,624,88,536,160,18,142,V,10
50 a 54,1002,179,823,503,88,415,400,70,330,99,21,78,V,10
55 a 59,612,114,498,314,62,252,235,47,188,63,5,58,V,10
60 a 64,423,121,302,210,51,159,176,63,113,37,7,30,V,10
65 y más,756,266,490,390,135,255,294,108,186,72,23,49,V,10
Ignorado,332,32,300,141,15,126,111,10,101,80,7,73,V,10
Total,32017,28666,3351,16427,14612,1815,12553,11309,1244,3037,2745,292,A,10
10 a 14,27,13,14,13,6,7,13,7,6,1,0,1,A,10
15 a 19,1027,812,215,497,384,113,440,354,86,90,74,16,A,10
20 a 24,4466,3951,515,2248,1962,286,1825,1639,186,393,350,43,A,10
25 a 29,5868,5323,545,3050,2749,301,2309,2108,201,509,466,43,A,10
30 a 34,5614,5096,518,3011,2730,281,2094,1905,189,509,461,48,A,10
35 a 39,4492,4061,431,2326,2096,230,1750,1588,162,416,377,39,A,10
40 a 44,3139,2854,285,1632,1460,172,1227,1137,90,280,257,23,A,10
45 a 49,2137,1898,239,1094,954,140,845,762,83,198,182,16,A,10
50 a 54,1355,1180,175,671,595,76,565,478,87,119,107,12,A,10
55 a 59,774,680,94,412,358,54,295,263,32,67,59,8,A,10
60 a 64,418,353,65,201,175,26,181,149,32,36,29,7,A,10
65 y más,431,384,47,211,189,22,178,156,22,42,39,3,A,10
Ignorado,2269,2061,208,1061,954,107,831,763,68,377,344,33,A,10
Total,33484,2906,30578,17672,1531,16141,13588,1209,12379,2224,166,2058,V,11
 0  a  4,38,15,23,23,12,11,14,3,11,1,0,1,V,11
 5  a  9,48,17,31,25,12,13,20,4,16,3,1,2,V,11
10 a 14,223,40,183,103,13,90,103,22,81,17,5,12,V,11
15 a 19,3070,135,2935,1511,80,1431,1385,50,1335,174,5,169,V,11
20 a 24,6213,315,5898,3290,166,3124,2548,137,2411,375,12,363,V,11
25 a 29,6261,400,5861,3409,213,3196,2418,163,2255,434,24,410,V,11
30 a 34,5599,397,5202,3049,219,2830,2185,156,2029,365,22,343,V,11
35 a 39,4121,331,3790,2203,189,2014,1635,126,1509,283,16,267,V,11
40 a 44,2600,261,2339,1409,144,1265,1032,101,931,159,16,143,V,11
45 a 49,1768,223,1545,896,120,776,754,91,663,118,12,106,V,11
50 a 54,1117,184,933,578,86,492,469,82,387,70,16,54,V,11
55 a 59,674,135,539,349,74,275,279,53,226,46,8,38,V,11
60 a 64,472,116,356,244,55,189,201,56,145,27,5,22,V,11
65 y más,842,296,546,389,128,261,400,152,248,53,16,37,V,11
Ignorado,438,41,397,194,20,174,145,13,132,99,8,91,V,11
Total,33484,29940,3544,17672,15720,1952,13588,12205,1383,2224,2015,209,A,11
10 a 14,39,17,22,27,9,18,11,7,4,1,1,0,A,11
15 a 19,1186,959,227,605,472,133,518,432,86,63,55,8,A,11
20 a 24,4808,4272,536,2478,2203,275,2059,1829,230,271,240,31,A,11
25 a 29,5897,5375,522,3250,2942,308,2274,2090,184,373,343,30,A,11
30 a 34,5978,5418,560,3289,2987,302,2311,2080,231,378,351,27,A,11
35 a 39,4709,4278,431,2456,2212,244,1953,1789,164,300,277,23,A,11
40 a 44,3229,2887,342,1771,1581,190,1278,1146,132,180,160,20,A,11
45 a 49,2286,2020,266,1158,1014,144,973,866,107,155,140,15,A,11
50 a 54,1448,1258,190,749,654,95,596,516,80,103,88,15,A,11
55 a 59,809,710,99,414,356,58,344,308,36,51,46,5,A,11
60 a 64,440,384,56,224,193,31,186,164,22,30,27,3,A,11
65 y más,486,424,62,231,200,31,214,186,28,41,38,3,A,11
Ignorado,2169,1938,231,1020,897,123,871,792,79,278,249,29,A,11
Total,36107,2967,33140,19237,1609,17628,15074,1214,13860,1796,144,1652,V,12
 0  a  4,21,13,8,13,5,8,8,8,0,0,0,0,V,12
 5  a  9,78,35,43,41,18,23,35,16,19,2,1,1,V,12
10 a 14,242,30,212,101,14,87,136,16,120,5,0,5,V,12
15 a 19,3373,134,3239,1626,69,1557,1604,60,1544,143,5,138,V,12
20 a 24,6825,323,6502,3592,158,3434,2910,156,2754,323,9,314,V,12
25 a 29,6823,388,6435,3748,216,3532,2742,149,2593,333,23,310,V,12
30 a 34,6081,396,5685,3379,241,3138,2401,134,2267,301,21,280,V,12
35 a 39,4402,383,4019,2369,220,2149,1789,140,1649,244,23,221,V,12
40 a 44,2795,289,2506,1565,163,1402,1101,110,991,129,16,113,V,12
45 a 49,1774,223,1551,922,119,803,748,92,656,104,12,92,V,12
50 a 54,1172,179,993,620,97,523,512,75,437,40,7,33,V,12
55 a 59,702,137,565,346,59,287,320,71,249,36,7,29,V,12
60 a 64,482,112,370,257,56,201,198,50,148,27,6,21,V,12
65 a 69,330,105,225,155,57,98,160,41,119,15,7,8,V,12
70 a 74,241,76,165,119,35,84,115,40,75,7,1,6,V,12
75 y más,306,119,187,165,69,96,130,47,83,11,3,8,V,12
Ignorado,460,25,435,219,13,206,165,9,156,76,3,73,V,12
Total,36107,32482,3625,19237,17209,2028,15074,13649,1425,1796,1624,172,A,12
10 a 14,28,12,16,11,6,5,15,5,10,2,1,1,A,12
15 a 19,1226,1021,205,582,469,113,591,500,91,53,52,1,A,12
20 a 24,5251,4712,539,2762,2476,286,2246,2018,228,243,218,25,A,12
25 a 29,6564,5980,584,3518,3194,324,2750,2514,236,296,272,24,A,12
30 a 34,6573,5987,586,3656,3310,346,2602,2393,209,315,284,31,A,12
35 a 39,5079,4621,458,2746,2485,261,2068,1895,173,265,241,24,A,12
40 a 44,3512,3179,333,1875,1689,186,1473,1345,128,164,145,19,A,12
45 a 49,2363,2116,247,1321,1174,147,952,861,91,90,81,9,A,12
50 a 54,1467,1275,192,760,650,110,631,557,74,76,68,8,A,12
55 a 59,826,737,89,434,387,47,357,320,37,35,30,5,A,12
60 a 64,517,440,77,258,218,40,236,203,33,23,19,4,A,12
65 a 69,258,221,37,133,114,19,121,103,18,4,4,0,A,12
70 a 74,128,109,19,48,41,7,70,59,11,10,9,1,A,12
75 y más,99,86,13,58,50,8,39,34,5,2,2,0,A,12
Ignorado,2216,1986,230,1075,946,129,923,842,81,218,198,20,A,12
Total,36170,3252,32918,19365,1822,17543,14670,1244,13426,2135,186,1949,V,13
 0  a  4,26,9,17,12,6,6,14,3,11,0,0,0,V,13
 5  a  9,50,21,29,26,11,15,22,8,14,2,2,0,V,13
10 a 14,280,39,241,121,20,101,144,17,127,15,2,13,V,13
15 a 19,3420,144,3276,1636,70,1566,1592,64,1528,192,10,182,V,13
20 a 24,6780,371,6409,3617,206,3411,2727,142,2585,436,23,413,V,13
25 a 29,6816,422,6394,3814,266,3548,2609,139,2470,393,17,376,V,13
30 a 34,6056,480,5576,3378,269,3109,2334,185,2149,344,26,318,V,13
35 a 39,4287,370,3917,2374,231,2143,1672,116,1556,241,23,218,V,13
40 a 44,2913,289,2624,1504,161,1343,1241,113,1128,168,15,153,V,13
45 a 49,1789,238,1551,925,137,788,763,82,681,101,19,82,V,13
50 a 54,1241,208,1033,669,123,546,506,76,430,66,9,57,V,13
55 a 59,727,152,575,382,72,310,302,71,231,43,9,34,V,13
60 a 64,509,150,359,254,77,177,229,64,165,26,9,17,V,13
65 a 69,304,101,203,155,50,105,128,45,83,21,6,15,V,13
70 a 74,206,74,132,106,37,69,89,36,53,11,1,10,V,13
75 a 79,175,71,104,91,38,53,77,31,46,7,2,5,V,13
80 y más,163,74,89,82,29,53,70,38,32,11,7,4,V,13
Ignorado,428,39,389,219,19,200,151,14,137,58,6,52,V,13
Total,36170,32150,4020,19365,17072,2293,14670,13195,1475,2135,1883,252,A,13
05 a 09,1,1,0,1,1,0,0,0,0,0,0,0,A,13
10 a 14,34,20,14,18,11,7,12,8,4,4,1,3,A,13
15 a 19,1352,1121,231,665,539,126,624,531,93,63,51,12,A,13
20 a 24,5390,4786,604,2860,2511,349,2230,2006,224,300,269,31,A,13
25 a 29,6495,5853,642,3599,3226,373,2552,2315,237,344,312,32,A,13
30 a 34,6444,5843,601,3637,3275,362,2453,2256,197,354,312,42,A,13
35 a 39,5136,4628,508,2793,2494,299,2034,1861,173,309,273,36,A,13
40 a 44,3398,3028,370,1866,1656,210,1346,1195,151,186,177,9,A,13
45 a 49,2400,2081,319,1240,1052,188,1022,915,107,138,114,24,A,13
50 a 54,1565,1327,238,780,651,129,705,607,98,80,69,11,A,13
55 a 59,837,724,113,452,389,63,341,296,45,44,39,5,A,13
60 a 64,451,389,62,231,205,26,193,163,30,27,21,6,A,13
65 a 69,208,182,26,98,87,11,97,82,15,13,13,0,A,13
70 a 74,102,92,10,53,48,5,41,36,5,8,8,0,A,13
75 a 79,48,41,7,22,19,3,21,18,3,5,4,1,A,13
80 y más,40,36,4,17,15,2,16,15,1,7,6,1,A,13
Ignorado,2269,1998,271,1033,893,140,983,891,92,253,214,39,A,13
Total,34330,3233,31097,19164,1821,17343,14173,1323,12850,993,89,904,V,14
 0  a  4,57,29,28,37,16,21,20,13,7,0,0,0,V,14
 5  a  9,86,44,42,46,23,23,40,21,19,0,0,0,V,14
10 a 14,304,51,253,154,30,124,141,20,121,9,1,8,V,14
15 a 19,3316,130,3186,1646,63,1583,1589,67,1522,81,0,81,V,14
20 a 24,6275,357,5918,3482,199,3283,2610,148,2462,183,10,173,V,14
25 a 29,6367,447,5920,3654,265,3389,2525,167,2358,188,15,173,V,14
30 a 34,5648,439,5209,3281,271,3010,2202,165,2037,165,3,162,V,14
35 a 39,4166,382,3784,2411,225,2186,1657,140,1517,98,17,81,V,14
40 a 44,2747,270,2477,1541,168,1373,1128,94,1034,78,8,70,V,14
45 a 49,1721,232,1489,938,130,808,739,100,639,44,2,42,V,14
50 a 54,1114,183,931,600,99,501,476,78,398,38,6,32,V,14
55 a 59,725,159,566,401,87,314,295,67,228,29,5,24,V,14
60 a 64,538,150,388,272,61,211,251,81,170,15,8,7,V,14
65 a 69,359,113,246,189,51,138,158,58,100,12,4,8,V,14
70 a 74,210,80,130,117,47,70,87,32,55,6,1,5,V,14
75 a 79,156,62,94,83,31,52,67,29,38,6,2,4,V,14
80 y más,164,74,90,83,34,49,75,37,38,6,3,3,V,14
Ignorado,377,31,346,229,21,208,113,6,107,35,4,31,V,14
Total,34330,30302,4028,19164,16819,2345,14173,12600,1573,993,883,110,A,14
10 a 14,33,17,16,14,8,6,17,7,10,2,2,0,A,14
15 a 19,1273,1033,240,628,517,111,619,494,125,26,22,4,A,14
20 a 24,5167,4576,591,2769,2425,344,2254,2019,235,144,132,12,A,14
25 a 29,6084,5450,634,3489,3120,369,2419,2178,241,176,152,24,A,14
30 a 34,6092,5465,627,3553,3163,390,2376,2154,222,163,148,15,A,14
35 a 39,4939,4389,550,2757,2441,316,2052,1834,218,130,114,16,A,14
40 a 44,3191,2838,353,1851,1631,220,1268,1141,127,72,66,6,A,14
45 a 49,2243,1962,281,1243,1078,165,954,844,110,46,40,6,A,14
50 a 54,1519,1294,225,823,703,120,647,547,100,49,44,5,A,14
55 a 59,832,699,133,452,373,79,358,307,51,22,19,3,A,14
60 a 64,413,354,59,210,178,32,187,163,24,16,13,3,A,14
65 a 69,269,215,54,142,115,27,121,95,26,6,5,1,A,14
70 a 74,119,105,14,70,60,10,47,43,4,2,2,0,A,14
75 a 79,43,39,4,32,30,2,9,8,1,2,1,1,A,14
80 y más,39,30,9,21,16,5,17,13,4,1,1,0,A,14
Ignorado,2074,1836,238,1110,961,149,828,753,75,136,122,14,A,14
Total,31929,3221,28708,18451,1862,16589,12608,1281,11327,870,78,792,V,15
 0  a  4,44,23,21,20,11,9,24,12,12,0,0,0,V,15
 5  a  9,85,36,49,52,21,31,32,15,17,1,0,1,V,15
10 a 14,275,37,238,131,19,112,136,18,118,8,0,8,V,15
15 a 19,2895,136,2759,1435,77,1358,1398,56,1342,62,3,59,V,15
20 a 24,5998,379,5619,3446,201,3245,2423,168,2255,129,10,119,V,15
25 a 29,5972,457,5515,3579,266,3313,2227,179,2048,166,12,154,V,15
30 a 34,5162,424,4738,3104,259,2845,1893,159,1734,165,6,159,V,15
35 a 39,3985,370,3615,2424,243,2181,1467,119,1348,94,8,86,V,15
40 a 44,2505,296,2209,1476,186,1290,952,99,853,77,11,66,V,15
45 a 49,1539,205,1334,890,142,748,596,58,538,53,5,48,V,15
50 a 54,1046,158,888,579,85,494,432,68,364,35,5,30,V,15
55 a 59,713,174,539,403,96,307,295,75,220,15,3,12,V,15
60 a 64,496,128,368,267,61,206,204,61,143,25,6,19,V,15
65 a 69,336,111,225,184,63,121,144,46,98,8,2,6,V,15
70 a 74,227,86,141,112,38,74,109,47,62,6,1,5,V,15
75 a 79,145,68,77,71,29,42,67,36,31,7,3,4,V,15
80 y más,207,102,105,99,46,53,105,54,51,3,2,1,V,15
Ignorado,299,31,268,179,19,160,104,11,93,16,1,15,V,15
Total,31929,27951,3978,18451,16099,2352,12608,11066,1542,870,786,84,A,15
10 a 14,20,12,8,14,11,3,6,1,5,0,0,0,A,15
15 a 19,1242,988,254,639,500,139,578,465,113,25,23,2,A,15
20 a 24,4874,4273,601,2707,2344,363,2061,1830,231,106,99,7,A,15
25 a 29,5918,5259,659,3480,3087,393,2298,2043,255,140,129,11,A,15
30 a 34,5601,4987,614,3378,3006,372,2078,1845,233,145,136,9,A,15
35 a 39,4670,4155,515,2797,2487,310,1756,1563,193,117,105,12,A,15
40 a 44,3133,2757,376,1840,1615,225,1207,1064,143,86,78,8,A,15
45 a 49,2060,1778,282,1203,1026,177,806,706,100,51,46,5,A,15
50 a 54,1351,1154,197,756,646,110,554,472,82,41,36,5,A,15
55 a 59,761,636,125,415,347,68,328,273,55,18,16,2,A,15
60 a 64,450,383,67,257,219,38,178,150,28,15,14,1,A,15
65 a 69,232,190,42,111,88,23,111,93,18,10,9,1,A,15
70 a 74,105,87,18,53,43,10,46,39,7,6,5,1,A,15
75 a 79,67,62,5,41,37,4,23,23,0,3,2,1,A,15
80 y más,32,25,7,18,16,2,14,9,5,0,0,0,A,15
Ignorado,1413,1205,208,742,627,115,564,490,74,107,88,19,A,15
Total,31190,3295,27895,17668,1939,15729,12621,1264,11357,901,92,809,V,16
 0  a  4,41,17,24,22,12,10,18,5,13,1,0,1,V,16
 5  a  9,76,39,37,42,25,17,34,14,20,0,0,0,V,16
10 a 14,240,56,184,105,29,76,127,24,103,8,3,5,V,16
15 a 19,2717,131,2586,1390,72,1318,1266,56,1210,61,3,58,V,16
20 a 24,5716,343,5373,3203,195,3008,2360,138,2222,153,10,143,V,16
25 a 29,5887,452,5435,3411,279,3132,2293,158,2135,183,15,168,V,16
30 a 34,5048,471,4577,2960,302,2658,1946,159,1787,142,10,132,V,16
35 a 39,3821,395,3426,2209,240,1969,1498,147,1351,114,8,106,V,16
40 a 44,2503,279,2224,1454,173,1281,984,96,888,65,10,55,V,16
45 a 49,1543,223,1320,869,137,732,633,84,549,41,2,39,V,16
50 a 54,1039,207,832,587,111,476,422,87,335,30,9,21,V,16
55 a 59,715,175,540,393,95,298,300,76,224,22,4,18,V,16
60 a 64,497,139,358,278,81,197,205,54,151,14,4,10,V,16
65 a 69,344,111,233,192,59,133,144,47,97,8,5,3,V,16
70 a 74,241,90,151,117,40,77,118,47,71,6,3,3,V,16
75 a 79,131,55,76,69,28,41,62,27,35,0,0,0,V,16
80 y más,169,72,97,94,39,55,68,32,36,7,1,6,V,16
Ignorado,462,40,422,273,22,251,143,13,130,46,5,41,V,16
Total,31190,27163,4027,17668,15225,2443,12621,11143,1478,901,795,106,A,16
05 a 09,1,1,0,0,0,0,0,0,0,1,1,0,A,16
10 a 14,28,18,10,15,12,3,13,6,7,0,0,0,A,16
15 a 19,1093,870,223,588,459,129,480,389,91,25,22,3,A,16
20 a 24,4543,3977,566,2528,2190,338,1902,1690,212,113,97,16,A,16
25 a 29,5729,5077,652,3271,2853,418,2300,2085,215,158,139,19,A,16
30 a 34,5453,4821,632,3202,2802,400,2119,1899,220,132,120,12,A,16
35 a 39,4630,4063,567,2678,2333,345,1825,1615,210,127,115,12,A,16
40 a 44,2927,2558,369,1713,1475,238,1130,1004,126,84,79,5,A,16
45 a 49,1962,1685,277,1111,947,164,797,691,106,54,47,7,A,16
50 a 54,1300,1085,215,699,579,120,562,472,90,39,34,5,A,16
55 a 59,738,605,133,400,321,79,319,270,49,19,14,5,A,16
60 a 64,446,370,76,227,185,42,211,180,31,8,5,3,A,16
65 a 69,251,210,41,131,106,25,114,98,16,6,6,0,A,16
70 a 74,104,87,17,63,50,13,41,37,4,0,0,0,A,16
75 a 79,49,41,8,31,27,4,17,13,4,1,1,0,A,16
80 y más,38,29,9,20,17,3,18,12,6,0,0,0,A,16
Ignorado,1898,1666,232,991,869,122,773,682,91,134,115,19,A,16
Total,30384,3675,26709,17348,2090,15258,12279,1492,10787,757,93,664,V,17
 0  a  4,49,21,28,25,10,15,24,11,13,0,0,0,V,17
 5  a  9,83,39,44,44,22,22,38,16,22,1,1,0,V,17
10 a 14,245,59,186,111,29,82,132,30,102,2,0,2,V,17
15 a 19,2369,129,2240,1154,66,1088,1148,59,1089,67,4,63,V,17
20 a 24,5677,421,5256,3192,225,2967,2366,188,2178,119,8,111,V,17
25 a 29,5714,549,5165,3350,333,3017,2237,206,2031,127,10,117,V,17
30 a 34,4687,448,4239,2855,278,2577,1733,163,1570,99,7,92,V,17
35 a 39,3873,474,3399,2291,283,2008,1464,170,1294,118,21,97,V,17
40 a 44,2490,309,2181,1472,196,1276,959,106,853,59,7,52,V,17
45 a 49,1676,248,1428,952,146,806,685,99,586,39,3,36,V,17
50 a 54,1008,204,804,556,104,452,421,94,327,31,6,25,V,17
55 a 59,681,204,477,371,110,261,284,87,197,26,7,19,V,17
60 a 64,500,164,336,277,87,190,209,71,138,14,6,8,V,17
65 a 69,354,128,226,182,61,121,163,63,100,9,4,5,V,17
70 a 74,248,100,148,127,50,77,112,47,65,9,3,6,V,17
75 a 79,168,78,90,87,38,49,76,38,38,5,2,3,V,17
80 y más,173,73,100,93,37,56,75,33,42,5,3,2,V,17
Ignorado,389,27,362,209,15,194,153,11,142,27,1,26,V,17
Total,30384,25902,4482,17348,14766,2582,12279,10500,1779,757,636,121,A,17
05 a 09,2,2,0,1,1,0,1,1,0,0,0,0,A,17
10 a 14,21,13,8,10,6,4,10,6,4,1,1,0,A,17
15 a 19,1074,794,280,549,396,153,503,378,125,22,20,2,A,17
20 a 24,4534,3830,704,2519,2104,415,1919,1645,274,96,81,15,A,17
25 a 29,5624,4877,747,3233,2802,431,2262,1962,300,129,113,16,A,17
30 a 34,5060,4456,604,2960,2597,363,1994,1760,234,106,99,7,A,17
35 a 39,4568,3977,591,2685,2344,341,1764,1533,231,119,100,19,A,17
40 a 44,2989,2555,434,1761,1508,253,1152,984,168,76,63,13,A,17
45 a 49,1963,1657,306,1099,924,175,813,693,120,51,40,11,A,17
50 a 54,1288,1067,221,712,584,128,551,464,87,25,19,6,A,17
55 a 59,734,616,118,417,350,67,296,251,45,21,15,6,A,17
60 a 64,425,342,83,242,196,46,175,141,34,8,5,3,A,17
65 a 69,243,192,51,133,104,29,106,85,21,4,3,1,A,17
70 a 74,128,101,27,64,49,15,61,49,12,3,3,0,A,17
75 a 79,64,53,11,30,24,6,32,27,5,2,2,0,A,17
80 y más,32,22,10,17,12,5,12,9,3,3,1,2,A,17
Ignorado,1635,1348,287,916,765,151,628,512,116,91,71,20,A,17
Total,29992,3738,26254,17014,2148,14866,12278,1507,10771,700,83,617,V,18
 0  a  4,35,17,18,12,5,7,22,12,10,1,0,1,V,18
 5  a  9,79,27,52,39,15,24,39,12,27,1,0,1,V,18
10 a 14,183,38,145,71,15,56,105,22,83,7,1,6,V,18
15 a 19,2286,144,2142,1093,76,1017,1143,63,1080,50,5,45,V,18
20 a 24,5623,416,5207,3068,225,2843,2427,185,2242,128,6,122,V,18
25 a 29,5517,484,5033,3272,280,2992,2116,194,1922,129,10,119,V,18
30 a 34,4727,497,4230,2770,322,2448,1850,164,1686,107,11,96,V,18
35 a 39,3762,484,3278,2220,296,1924,1465,181,1284,77,7,70,V,18
40 a 44,2550,362,2188,1468,224,1244,1021,129,892,61,9,52,V,18
45 a 49,1518,251,1267,874,143,731,615,104,511,29,4,25,V,18
50 a 54,1068,223,845,628,134,494,408,85,323,32,4,28,V,18
55 a 59,772,215,557,426,122,304,324,85,239,22,8,14,V,18
60 a 64,527,139,388,306,73,233,207,64,143,14,2,12,V,18
65 a 69,375,132,243,205,64,141,161,62,99,9,6,3,V,18
70 a 74,271,106,165,143,50,93,118,51,67,10,5,5,V,18
75 a 79,167,77,90,98,40,58,66,36,30,3,1,2,V,18
80 y más,207,98,109,113,47,66,92,49,43,2,2,0,V,18
Ignorado,325,28,297,208,17,191,99,9,90,18,2,16,V,18
Total,29992,25367,4625,17014,14267,2747,12278,10494,1784,700,606,94,A,18
10 a 14,25,15,10,15,9,6,10,6,4,0,0,0,A,18
15 a 19,1046,814,232,533,410,123,488,384,104,25,20,5,A,18
20 a 24,4378,3701,677,2322,1939,383,1950,1671,279,106,91,15,A,18
25 a 29,5511,4706,805,3180,2688,492,2231,1934,297,100,84,16,A,18
30 a 34,5079,4403,676,2990,2572,418,1984,1736,248,105,95,10,A,18
35 a 39,4226,3603,623,2505,2110,395,1619,1403,216,102,90,12,A,18
40 a 44,3001,2569,432,1735,1479,256,1201,1032,169,65,58,7,A,18
45 a 49,1909,1595,314,1026,851,175,844,709,135,39,35,4,A,18
50 a 54,1185,939,246,684,538,146,483,385,98,18,16,2,A,18
55 a 59,721,584,137,396,313,83,310,257,53,15,14,1,A,18
60 a 64,426,338,88,223,170,53,190,158,32,13,10,3,A,18
65 a 69,247,191,56,117,87,30,123,99,24,7,5,2,A,18
70 a 74,110,85,25,76,59,17,32,25,7,2,1,1,A,18
75 a 79,55,42,13,26,19,7,28,22,6,1,1,0,A,18
80 y más,38,31,7,21,18,3,16,12,4,1,1,0,A,18
Ignorado,2035,1751,284,1165,1005,160,769,661,108,101,85,16,A,18
Total,31898,4289,27609,17393,2359,15034,13611,1817,11794,894,113,781,V,19
 0 a 04,36,16,20,18,9,9,18,7,11,-,-,-,V,19
05 a 09,71,36,35,40,19,21,28,16,12,3,1,2,V,19
10 a 14,185,38,147,86,20,66,94,16,78,5,2,3,V,19
15 a 19,2281,119,2162,1083,60,1023,1144,57,1087,54,2,52,V,19
20 a 24,5720,487,5233,2954,240,2714,2614,231,2383,152,16,136,V,19
25 a 29,5944,603,5341,3369,342,3027,2420,241,2179,155,20,135,V,19
30 a 34,5029,572,4457,2915,338,2577,1992,218,1774,122,16,106,V,19
35 a 39,4030,527,3503,2298,324,1974,1610,193,1417,122,10,112,V,19
40 a 44,2847,413,2434,1545,248,1297,1228,159,1069,74,6,68,V,19
45 a 49,1707,297,1410,948,179,769,706,109,597,53,9,44,V,19
50 a 54,1119,250,869,628,138,490,453,104,349,38,8,30,V,19
55 a 59,759,199,560,396,95,301,347,102,245,16,2,14,V,19
60 a 64,610,195,415,325,105,220,272,89,183,13,1,12,V,19
65 a 69,488,181,307,270,90,180,201,84,117,17,7,10,V,19
70 a 74,286,115,171,132,48,84,145,66,79,9,1,8,V,19
75 a 79,210,101,109,94,39,55,106,55,51,10,7,3,V,19
80 y más,184,94,90,93,37,56,86,54,32,5,3,2,V,19
Ignorado,392,46,346,199,28,171,147,16,131,46,2,44,V,19
Total,31898,26558,5340,17393,14319,3074,13611,11476,2135,894,763,131,A,19
 05 a 09,1,-,1,1,0,1,-,-,-,-,-,-,A,19
10 a 14,34,24,10,17,10,7,17,14,3,-,-,-,A,19
15 a 19,1051,777,274,495,379,116,527,378,149,29,20,9,A,19
20 a 24,4573,3835,738,2332,1926,406,2133,1817,316,108,92,16,A,19
25 a 29,5728,4869,859,3204,2684,520,2395,2077,318,129,108,21,A,19
30 a 34,5303,4499,804,3014,2540,474,2157,1842,315,132,117,15,A,19
35 a 39,4744,4011,733,2647,2216,431,1957,1671,286,140,124,16,A,19
40 a 44,3254,2760,494,1826,1534,292,1342,1145,197,86,81,5,A,19
45 a 49,2171,1780,391,1178,962,216,925,763,162,68,55,13,A,19
50 a 54,1371,1079,292,716,546,170,613,498,115,42,35,7,A,19
55 a 59,734,597,137,391,313,78,326,272,54,17,12,5,A,19
60 a 64,467,356,111,263,193,70,190,150,40,14,13,1,A,19
65 a 69,263,208,55,137,105,32,120,98,22,6,5,1,A,19
70 a 74,111,84,27,57,42,15,51,40,11,3,2,1,A,19
75 a 79,65,54,11,27,21,6,37,32,5,1,1,-,A,19
80 y más,39,28,11,28,17,11,9,9,-,2,2,-,A,19
Ignorado,1989,1597,392,1060,831,229,812,670,142,117,96,21,A,19
Total,28259,3728,24531,14311,1895,12416,13054,1716,11338,894,117,777,V,20
 0 a 04,32,12,20,18,6,12,12,5,7,2,1,1,V,20
05 a 09,66,32,34,23,13,10,41,18,23,2,1,1,V,20
10 a 14,161,37,124,67,12,55,91,25,66,3,0,3,V,20
15 a 19,1899,136,1763,813,60,753,1019,70,949,67,6,61,V,20
20 a 24,4933,401,4532,2433,190,2243,2360,201,2159,140,10,130,V,20
25 a 29,5220,468,4752,2643,231,2412,2413,212,2201,164,25,139,V,20
30 a 34,4649,508,4141,2513,283,2230,1994,216,1778,142,9,133,V,20
35 a 39,3550,441,3109,1857,257,1600,1571,169,1402,122,15,107,V,20
40 a 44,2460,338,2122,1282,169,1113,1100,154,946,78,15,63,V,20
45 a 49,1600,284,1316,798,156,642,759,125,634,43,3,40,V,20
50 a 54,1050,238,812,526,122,404,493,110,383,31,6,25,V,20
55 a 59,777,217,560,395,98,297,367,112,255,15,7,8,V,20
60 a 64,542,178,364,284,81,203,241,91,150,17,6,11,V,20
65 a 69,388,138,250,181,71,110,192,64,128,15,3,12,V,20
70 a 74,287,120,167,146,58,88,131,60,71,10,2,8,V,20
75 a 79,177,78,99,86,39,47,82,36,46,9,3,6,V,20
80 y más,153,64,89,71,24,47,75,38,37,7,2,5,V,20
Ignorado,315,38,277,175,25,150,113,10,103,27,3,24,V,20
Total,28259,23701,4558,14311,11930,2381,13054,11049,2005,894,722,172,A,20
 05 a 09,2,2,0,1,1,0,1,1,0,0,0,0,A,20
10 a 14,23,14,9,11,6,5,12,8,4,0,0,0,A,20
15 a 19,777,576,201,328,255,73,428,308,120,21,13,8,A,20
20 a 24,3964,3282,682,1861,1528,333,1981,1658,323,122,96,26,A,20
25 a 29,5091,4389,702,2669,2283,386,2285,1988,297,137,118,19,A,20
30 a 34,4869,4145,724,2569,2151,418,2184,1892,292,116,102,14,A,20
35 a 39,4080,3468,612,2133,1810,323,1821,1554,267,126,104,22,A,20
40 a 44,2851,2398,453,1458,1220,238,1304,1108,196,89,70,19,A,20
45 a 49,1965,1641,324,974,811,163,943,788,155,48,42,6,A,20
50 a 54,1163,949,214,593,486,107,548,449,99,22,14,8,A,20
55 a 59,677,566,111,341,274,67,318,277,41,18,15,3,A,20
60 a 64,475,388,87,238,189,49,225,190,35,12,9,3,A,20
65 a 69,222,166,56,108,78,30,109,85,24,5,3,2,A,20
70 a 74,121,101,20,56,47,9,62,51,11,3,3,0,A,20
75 a 79,54,43,11,29,22,7,24,20,4,1,1,0,A,20
80 y más,46,39,7,21,18,3,21,18,3,4,3,1,A,20
Ignorado,1879,1534,345,921,751,170,788,654,134,170,129,41,A,20
Total,36435,4942,31493,19106,2573,16533,16296,2216,14080,1033,153,880,V,21
 0 a 04,25,14,11,13,8,5,12,6,6,0,0,0,V,21
05 a 09,76,35,41,41,17,24,33,16,17,2,2,0,V,21
10 a 14,187,43,144,79,23,56,102,20,82,6,0,6,V,21
15 a 19,2045,154,1891,915,78,837,1074,71,1003,56,5,51,V,21
20 a 24,5935,496,5439,2970,248,2722,2816,233,2583,149,15,134,V,21
25 a 29,6608,638,5970,3501,338,3163,2911,278,2633,196,22,174,V,21
30 a 34,5887,613,5274,3166,318,2848,2549,276,2273,172,19,153,V,21
35 a 39,4684,581,4103,2531,323,2208,1996,232,1764,157,26,131,V,21
40 a 44,3503,546,2957,1916,299,1617,1500,234,1266,87,13,74,V,21
45 a 49,2152,395,1757,1140,207,933,956,179,777,56,9,47,V,21
50 a 54,1460,311,1149,773,153,620,652,151,501,35,7,28,V,21
55 a 59,950,245,705,479,129,350,446,108,338,25,8,17,V,21
60 a 64,803,248,555,388,117,271,391,119,272,24,12,12,V,21
65 a 69,561,192,369,299,97,202,253,93,160,9,2,7,V,21
70 a 74,359,149,210,190,76,114,161,70,91,8,3,5,V,21
75 a 79,242,105,137,121,48,73,114,55,59,7,2,5,V,21
80 y más,250,103,147,128,51,77,116,48,68,6,4,2,V,21
Ignorado,708,74,634,456,43,413,214,27,187,38,4,34,V,21
10 a 14,36,15,21,17,7,10,18,7,11,1,1,0,A,21
15 a 19,878,646,232,386,289,97,465,342,123,27,15,12,A,21
20 a 24,4594,3788,806,2273,1871,402,2189,1811,378,132,106,26,A,21
25 a 29,6122,5201,921,3170,2702,468,2812,2382,430,140,117,23,A,21
30 a 34,6212,5236,976,3389,2867,522,2663,2230,433,160,139,21,A,21
35 a 39,5340,4501,839,2834,2370,464,2352,1996,356,154,135,19,A,21
40 a 44,4105,3455,650,2182,1827,355,1824,1540,284,99,88,11,A,21
45 a 49,2613,2163,450,1386,1144,242,1147,956,191,80,63,17,A,21
50 a 54,1731,1375,356,893,716,177,800,629,171,38,30,8,A,21
55 a 59,939,733,206,522,404,118,402,316,86,15,13,2,A,21
60 a 64,651,509,142,361,271,90,275,227,48,15,11,4,A,21
65 a 69,342,262,80,163,127,36,170,126,44,9,9,0,A,21
70 a 74,169,134,35,90,66,24,78,67,11,1,1,0,A,21
75 a 79,78,65,13,47,38,9,27,25,2,4,2,2,A,21
80 y más,56,49,7,28,26,2,28,23,5,0,0,0,A,21
Ignorado,2569,2118,451,1365,1116,249,1046,870,176,158,132,26,A,21
